[[[1, 1], [2, 0], [3, 2], [4, 0], [5, 2], [6, 0], [7, 2], [8, 1], [9, 1], [10, 2]], [[1, 3, 6], [3, 4, 3], [1, 5, 6], [5, 6, 3], [2, 9, 1], [9, 10, 6], [2, 7, 2], [7, 8, 9]], [['Constant', 4, 'genres', '13.0', 'string', '='], ['Constant', 6, 'genres', '15.0', 'string', '=']], [0.500179, 0.500483], [1, 2, 1, 1.0]]
[[[1, 1], [2, 0], [3, 2], [4, 1], [5, 2], [6, 0], [7, 2], [8, 0], [9, 1], [10, 0]], [[1, 3, 6], [3, 4, 9], [1, 5, 6], [5, 6, 3], [2, 9, 1], [9, 10, 0], [2, 7, 2], [7, 8, 3]], [['Constant', 6, 'genres', '13.0', 'string', '='], ['Constant', 2, 'genres', '17.0', 'string', '='], ['Constant', 10, 'genres', '17.0', 'string', '='], ['Constant', 8, 'genres', '17.0', 'string', '=']], [0.500179, 0.469453, 0.469453, 0.475349], [1, 2, 1, 1.0]]
[[[1, 1], [2, 0], [3, 2], [4, 1], [5, 0], [6, 2], [7, 2], [8, 1], [9, 2], [10, 1]], [[1, 3, 4], [3, 4, 7], [1, 5, 0], [5, 6, 2], [2, 7, 2], [7, 8, 9], [2, 9, 2], [9, 10, 7]], [['Constant', 5, 'genres', '13.0', 'string', '=']], [0.500199], [1, 2, 1, 1.0]]
[[[1, 1], [2, 0], [3, 0], [4, 2], [5, 0], [6, 2], [7, 2], [8, 1], [9, 1], [10, 0]], [[1, 3, 0], [3, 4, 2], [1, 5, 0], [5, 6, 2], [2, 7, 2], [7, 8, 9], [2, 9, 1], [9, 10, 0]], [['Constant', 3, 'genres', '16.0', 'string', '='], ['Constant', 5, 'genres', '13.0', 'string', '='], ['Constant', 2, 'genres', '17.0', 'string', '='], ['Constant', 10, 'genres', '17.0', 'string', '=']], [0.500128, 0.500199, 0.475349, 0.475349], [1, 2, 1, 1.0]]
[[[1, 1], [2, 0], [3, 0], [4, 2], [5, 0], [6, 1], [7, 1], [8, 0], [9, 1], [10, 0]], [[1, 3, 0], [3, 4, 2], [1, 5, 0], [5, 6, 1], [2, 7, 1], [7, 8, 0], [2, 9, 1], [9, 10, 0]], [['Constant', 3, 'genres', '13.0', 'string', '='], ['Constant', 2, 'genres', '17.0', 'string', '='], ['Constant', 8, 'genres', '17.0', 'string', '='], ['Constant', 10, 'genres', '17.0', 'string', '=']], [0.500199, 0.475349, 0.475349, 0.475349], [1, 2, 1, 1.0]]
[[[1, 1], [2, 0], [3, 0], [4, 2], [5, 0], [6, 1], [7, 2], [8, 1], [9, 2], [10, 0]], [[1, 3, 0], [3, 4, 2], [1, 5, 0], [5, 6, 1], [2, 7, 2], [7, 8, 9], [2, 9, 2], [9, 10, 3]], [['Constant', 3, 'genres', '16.0', 'string', '='], ['Constant', 2, 'genres', '16.0', 'string', '='], ['Constant', 10, 'genres', '16.0', 'string', '=']], [0.500128, 0.57357, 0.57357], [1, 2, 1, 1.0]]
[[[1, 1], [2, 0], [3, 2], [4, 0], [5, 2], [6, 0], [7, 1], [8, 2], [9, 2], [10, 1]], [[1, 3, 6], [3, 4, 3], [1, 5, 4], [5, 6, 3], [2, 7, 1], [7, 8, 5], [2, 9, 2], [9, 10, 9]], [['Constant', 4, 'genres', '13.0', 'string', '='], ['Constant', 6, 'genres', '13.0', 'string', '=']], [0.500179, 0.50038], [1, 2, 1, 1.0]]
[[[1, 1], [2, 0], [3, 2], [4, 1], [5, 2], [6, 0], [7, 2], [8, 0], [9, 1], [10, 0]], [[1, 3, 6], [3, 4, 9], [1, 5, 6], [5, 6, 3], [2, 9, 1], [9, 10, 0], [2, 7, 2], [7, 8, 3]], [['Constant', 6, 'genres', '13.0', 'string', '='], ['Constant', 2, 'genres', '14.0', 'string', '='], ['Constant', 10, 'genres', '14.0', 'string', '='], ['Constant', 8, 'genres', '14.0', 'string', '=']], [0.500179, 0.504263, 0.504263, 0.511572], [1, 2, 1, 1.0]]
[[[1, 1], [2, 0], [3, 2], [4, 0], [5, 2], [6, 0], [7, 1], [8, 2], [9, 2], [10, 1]], [[1, 3, 4], [3, 4, 3], [1, 5, 6], [5, 6, 3], [2, 9, 2], [9, 10, 9], [2, 7, 1], [7, 8, 6]], [['Constant', 4, 'genres', '16.0', 'string', '='], ['Constant', 6, 'genres', '14.0', 'string', '=']], [0.500359, 0.500205], [1, 2, 1, 1.0]]
[[[1, 1], [2, 0], [3, 0], [4, 2], [5, 2], [6, 0], [7, 1], [8, 2], [9, 2], [10, 1]], [[1, 3, 0], [3, 4, 2], [1, 5, 6], [5, 6, 3], [2, 7, 1], [7, 8, 5], [2, 9, 2], [9, 10, 9]], [['Constant', 3, 'genres', '16.0', 'string', '='], ['Constant', 6, 'genres', '13.0', 'string', '=']], [0.500128, 0.500179], [1, 2, 1, 1.0]]
[[[1, 1], [2, 0], [3, 2], [4, 0], [5, 2], [6, 0], [7, 1], [8, 2], [9, 2], [10, 1]], [[1, 3, 4], [3, 4, 3], [1, 5, 6], [5, 6, 3], [2, 9, 2], [9, 10, 9], [2, 7, 1], [7, 8, 6]], [['Constant', 4, 'genres', '13.0', 'string', '='], ['Constant', 6, 'genres', '13.0', 'string', '=']], [0.50038, 0.500179], [1, 2, 1, 1.0]]
[[[1, 1], [2, 0], [3, 0], [4, 1], [5, 2], [6, 0], [7, 1], [8, 0], [9, 2], [10, 1]], [[1, 3, 0], [3, 4, 1], [1, 5, 6], [5, 6, 3], [2, 7, 1], [7, 8, 0], [2, 9, 2], [9, 10, 9]], [['Constant', 6, 'genres', '13.0', 'string', '='], ['Constant', 2, 'genres', '16.0', 'string', '='], ['Constant', 8, 'genres', '16.0', 'string', '=']], [0.500179, 0.579327, 0.579327], [1, 2, 1, 1.0]]
[[[1, 1], [2, 0], [3, 0], [4, 1], [5, 0], [6, 2], [7, 2], [8, 1], [9, 2], [10, 1]], [[1, 5, 0], [5, 6, 2], [1, 3, 0], [3, 4, 1], [2, 9, 2], [9, 10, 8], [2, 7, 2], [7, 8, 9]], [['Constant', 3, 'genres', '15.0', 'string', '=']], [0.500515], [1, 2, 1, 1.0]]
[[[1, 1], [2, 0], [3, 0], [4, 2], [5, 0], [6, 1], [7, 1], [8, 0], [9, 1], [10, 0]], [[1, 3, 0], [3, 4, 2], [1, 5, 0], [5, 6, 1], [2, 7, 1], [7, 8, 0], [2, 9, 1], [9, 10, 0]], [['Constant', 3, 'genres', '16.0', 'string', '='], ['Constant', 2, 'genres', '14.0', 'string', '='], ['Constant', 8, 'genres', '14.0', 'string', '='], ['Constant', 10, 'genres', '14.0', 'string', '=']], [0.500128, 0.511572, 0.511572, 0.511572], [1, 2, 1, 1.0]]
[[[1, 1], [2, 0], [3, 0], [4, 2], [5, 0], [6, 1], [7, 1], [8, 0], [9, 1], [10, 0]], [[1, 3, 0], [3, 4, 2], [1, 5, 0], [5, 6, 1], [2, 7, 1], [7, 8, 0], [2, 9, 1], [9, 10, 0]], [['Constant', 3, 'genres', '13.0', 'string', '='], ['Constant', 2, 'genres', '14.0', 'string', '='], ['Constant', 8, 'genres', '14.0', 'string', '='], ['Constant', 10, 'genres', '14.0', 'string', '=']], [0.500199, 0.511572, 0.511572, 0.511572], [1, 2, 1, 1.0]]
[[[1, 1], [2, 0], [3, 0], [4, 2], [5, 0], [6, 1], [7, 2], [8, 1], [9, 2], [10, 0]], [[1, 3, 0], [3, 4, 2], [1, 5, 0], [5, 6, 1], [2, 7, 2], [7, 8, 9], [2, 9, 2], [9, 10, 3]], [['Constant', 3, 'genres', '13.0', 'string', '='], ['Constant', 2, 'genres', '16.0', 'string', '='], ['Constant', 10, 'genres', '16.0', 'string', '=']], [0.500199, 0.57357, 0.57357], [1, 2, 1, 1.0]]
[[[1, 1], [2, 0], [3, 2], [4, 0], [5, 2], [6, 0], [7, 1], [8, 0], [9, 1], [10, 2]], [[1, 3, 6], [3, 4, 3], [1, 5, 6], [5, 6, 3], [2, 7, 1], [7, 8, 0], [2, 9, 1], [9, 10, 6]], [['Constant', 4, 'genres', '16.0', 'string', '='], ['Constant', 6, 'genres', '13.0', 'string', '='], ['Constant', 2, 'genres', '17.0', 'string', '='], ['Constant', 8, 'genres', '17.0', 'string', '=']], [0.500112, 0.500179, 0.475349, 0.475349], [1, 2, 1, 1.0]]
[[[1, 1], [2, 0], [3, 0], [4, 2], [5, 2], [6, 1], [7, 1], [8, 0], [9, 1], [10, 0]], [[1, 3, 0], [3, 4, 2], [1, 5, 6], [5, 6, 7], [2, 7, 1], [7, 8, 0], [2, 9, 1], [9, 10, 0]], [['Constant', 3, 'genres', '16.0', 'string', '='], ['Constant', 2, 'genres', '14.0', 'string', '='], ['Constant', 8, 'genres', '14.0', 'string', '='], ['Constant', 10, 'genres', '14.0', 'string', '=']], [0.500128, 0.511572, 0.511572, 0.511572], [1, 2, 1, 1.0]]
[[[1, 1], [2, 0], [3, 2], [4, 0], [5, 2], [6, 0], [7, 1], [8, 2], [9, 2], [10, 1]], [[1, 3, 6], [3, 4, 3], [1, 5, 4], [5, 6, 3], [2, 7, 1], [7, 8, 5], [2, 9, 2], [9, 10, 9]], [['Constant', 4, 'genres', '13.0', 'string', '='], ['Constant', 6, 'genres', '16.0', 'string', '=']], [0.500179, 0.500359], [1, 2, 1, 1.0]]
[[[1, 1], [2, 0], [3, 0], [4, 1], [5, 0], [6, 2], [7, 2], [8, 0], [9, 2], [10, 1]], [[1, 3, 0], [3, 4, 1], [1, 5, 0], [5, 6, 2], [2, 7, 2], [7, 8, 3], [2, 9, 2], [9, 10, 9]], [['Constant', 5, 'genres', '13.0', 'string', '='], ['Constant', 2, 'genres', '14.0', 'string', '='], ['Constant', 8, 'genres', '14.0', 'string', '=']], [0.500199, 0.504263, 0.504263], [1, 2, 1, 1.0]]
[[[1, 1], [2, 0], [3, 2], [4, 1], [5, 0], [6, 2], [7, 2], [8, 1], [9, 2], [10, 1]], [[1, 3, 4], [3, 4, 7], [1, 5, 0], [5, 6, 2], [2, 7, 2], [7, 8, 9], [2, 9, 2], [9, 10, 7]], [['Constant', 5, 'genres', '16.0', 'string', '=']], [0.500128], [1, 2, 1, 1.0]]
[[[1, 1], [2, 0], [3, 2], [4, 0], [5, 2], [6, 0], [7, 1], [8, 0], [9, 1], [10, 2]], [[1, 3, 6], [3, 4, 3], [1, 5, 6], [5, 6, 3], [2, 7, 1], [7, 8, 0], [2, 9, 1], [9, 10, 6]], [['Constant', 4, 'genres', '16.0', 'string', '='], ['Constant', 6, 'genres', '16.0', 'string', '='], ['Constant', 2, 'genres', '16.0', 'string', '='], ['Constant', 8, 'genres', '16.0', 'string', '=']], [0.500112, 0.500112, 0.579327, 0.579327], [1, 2, 1, 1.0]]
[[[1, 1], [2, 0], [3, 2], [4, 0], [5, 2], [6, 0], [7, 2], [8, 1], [9, 1], [10, 2]], [[1, 3, 6], [3, 4, 3], [1, 5, 6], [5, 6, 3], [2, 9, 1], [9, 10, 6], [2, 7, 2], [7, 8, 9]], [['Constant', 4, 'genres', '16.0', 'string', '='], ['Constant', 6, 'genres', '15.0', 'string', '=']], [0.500112, 0.500483], [1, 2, 1, 1.0]]
[[[1, 1], [2, 0], [3, 2], [4, 0], [5, 2], [6, 0], [7, 1], [8, 2], [9, 2], [10, 1]], [[1, 3, 6], [3, 4, 3], [1, 5, 4], [5, 6, 3], [2, 7, 1], [7, 8, 5], [2, 9, 2], [9, 10, 9]], [['Constant', 4, 'genres', '16.0', 'string', '='], ['Constant', 6, 'genres', '12.0', 'string', '=']], [0.500112, 0.500958], [1, 2, 1, 1.0]]
[[[1, 1], [2, 0], [3, 2], [4, 1], [5, 2], [6, 0], [7, 2], [8, 1], [9, 2], [10, 1]], [[1, 3, 5], [3, 4, 9], [1, 5, 6], [5, 6, 3], [2, 7, 2], [7, 8, 9], [2, 9, 2], [9, 10, 8]], [['Constant', 6, 'genres', '16.0', 'string', '=']], [0.500112], [1, 2, 1, 1.0]]
[[[1, 1], [2, 0], [3, 0], [4, 2], [5, 2], [6, 1], [7, 1], [8, 0], [9, 1], [10, 0]], [[1, 3, 0], [3, 4, 2], [1, 5, 6], [5, 6, 7], [2, 7, 1], [7, 8, 0], [2, 9, 1], [9, 10, 0]], [['Constant', 3, 'genres', '13.0', 'string', '='], ['Constant', 2, 'genres', '17.0', 'string', '='], ['Constant', 8, 'genres', '17.0', 'string', '='], ['Constant', 10, 'genres', '17.0', 'string', '=']], [0.500199, 0.475349, 0.475349, 0.475349], [1, 2, 1, 1.0]]
[[[1, 1], [2, 0], [3, 0], [4, 2], [5, 0], [6, 1], [7, 2], [8, 1], [9, 2], [10, 0]], [[1, 3, 0], [3, 4, 2], [1, 5, 0], [5, 6, 1], [2, 7, 2], [7, 8, 9], [2, 9, 2], [9, 10, 3]], [['Constant', 3, 'genres', '14.0', 'string', '='], ['Constant', 2, 'genres', '16.0', 'string', '='], ['Constant', 10, 'genres', '16.0', 'string', '=']], [0.500254, 0.57357, 0.57357], [1, 2, 1, 1.0]]
[[[1, 1], [2, 0], [3, 0], [4, 2], [5, 2], [6, 0], [7, 1], [8, 2], [9, 2], [10, 1]], [[1, 3, 0], [3, 4, 2], [1, 5, 6], [5, 6, 3], [2, 7, 1], [7, 8, 5], [2, 9, 2], [9, 10, 9]], [['Constant', 3, 'genres', '13.0', 'string', '='], ['Constant', 6, 'genres', '16.0', 'string', '=']], [0.500199, 0.500112], [1, 2, 1, 1.0]]
[[[1, 1], [2, 0], [3, 0], [4, 2], [5, 2], [6, 1], [7, 1], [8, 0], [9, 1], [10, 0]], [[1, 3, 0], [3, 4, 2], [1, 5, 6], [5, 6, 7], [2, 7, 1], [7, 8, 0], [2, 9, 1], [9, 10, 0]], [['Constant', 3, 'genres', '13.0', 'string', '='], ['Constant', 2, 'genres', '16.0', 'string', '='], ['Constant', 8, 'genres', '16.0', 'string', '='], ['Constant', 10, 'genres', '16.0', 'string', '=']], [0.500199, 0.579327, 0.579327, 0.579327], [1, 2, 1, 1.0]]
[[[1, 1], [2, 0], [3, 0], [4, 2], [5, 0], [6, 2], [7, 2], [8, 1], [9, 1], [10, 0]], [[1, 3, 0], [3, 4, 2], [1, 5, 0], [5, 6, 2], [2, 7, 2], [7, 8, 9], [2, 9, 1], [9, 10, 0]], [['Constant', 3, 'genres', '16.0', 'string', '='], ['Constant', 5, 'genres', '16.0', 'string', '='], ['Constant', 2, 'genres', '14.0', 'string', '='], ['Constant', 10, 'genres', '14.0', 'string', '=']], [0.500128, 0.500128, 0.511572, 0.511572], [1, 2, 1, 1.0]]
[[[1, 1], [2, 0], [3, 2], [4, 0], [5, 2], [6, 0], [7, 1], [8, 2], [9, 2], [10, 1]], [[1, 3, 4], [3, 4, 3], [1, 5, 6], [5, 6, 3], [2, 9, 2], [9, 10, 9], [2, 7, 1], [7, 8, 6]], [['Constant', 4, 'genres', '13.0', 'string', '='], ['Constant', 6, 'genres', '16.0', 'string', '=']], [0.50038, 0.500112], [1, 2, 1, 1.0]]
[[[1, 1], [2, 0], [3, 2], [4, 0], [5, 2], [6, 0], [7, 2], [8, 1], [9, 2], [10, 1]], [[1, 3, 6], [3, 4, 3], [1, 5, 6], [5, 6, 3], [2, 7, 2], [7, 8, 9], [2, 9, 2], [9, 10, 9]], [['Constant', 4, 'genres', '16.0', 'string', '='], ['Constant', 6, 'genres', '14.0', 'string', '=']], [0.500112, 0.500205], [1, 2, 1, 1.0]]
[[[1, 1], [2, 0], [3, 2], [4, 0], [5, 1], [6, 2]], [[1, 3, 6], [3, 4, 3], [2, 5, 1], [5, 6, 6]], [['Constant', 4, 'genres', '13.0', 'string', '=']], [0.500179], [1, 2, 1, 1.0]]
[[[1, 1], [2, 0], [3, 0], [4, 1], [5, 0], [6, 2], [7, 2], [8, 0], [9, 2], [10, 1]], [[1, 3, 0], [3, 4, 1], [1, 5, 0], [5, 6, 2], [2, 7, 2], [7, 8, 3], [2, 9, 2], [9, 10, 9]], [['Constant', 5, 'genres', '16.0', 'string', '='], ['Constant', 2, 'genres', '16.0', 'string', '='], ['Constant', 8, 'genres', '16.0', 'string', '=']], [0.500128, 0.57357, 0.57357], [1, 2, 1, 1.0]]
[[[1, 1], [2, 0], [3, 2], [4, 0], [5, 2], [6, 0], [7, 2], [8, 1], [9, 1], [10, 2]], [[1, 3, 6], [3, 4, 3], [1, 5, 6], [5, 6, 3], [2, 9, 1], [9, 10, 6], [2, 7, 2], [7, 8, 9]], [['Constant', 4, 'genres', '13.0', 'string', '='], ['Constant', 6, 'genres', '16.0', 'string', '=']], [0.500179, 0.500112], [1, 2, 1, 1.0]]
[[[1, 1], [2, 0], [3, 0], [4, 1], [5, 0], [6, 2], [7, 2], [8, 0], [9, 2], [10, 1]], [[1, 3, 0], [3, 4, 1], [1, 5, 0], [5, 6, 2], [2, 7, 2], [7, 8, 3], [2, 9, 2], [9, 10, 9]], [['Constant', 5, 'genres', '16.0', 'string', '='], ['Constant', 2, 'genres', '17.0', 'string', '='], ['Constant', 8, 'genres', '17.0', 'string', '=']], [0.500128, 0.469453, 0.469453], [1, 2, 1, 1.0]]
[[[1, 1], [2, 0], [3, 0], [4, 2], [5, 2], [6, 1], [7, 1], [8, 0], [9, 1], [10, 0]], [[1, 3, 0], [3, 4, 2], [1, 5, 6], [5, 6, 7], [2, 7, 1], [7, 8, 0], [2, 9, 1], [9, 10, 0]], [['Constant', 3, 'genres', '14.0', 'string', '='], ['Constant', 2, 'genres', '16.0', 'string', '='], ['Constant', 8, 'genres', '16.0', 'string', '='], ['Constant', 10, 'genres', '16.0', 'string', '=']], [0.500254, 0.579327, 0.579327, 0.579327], [1, 2, 1, 1.0]]
[[[1, 1], [2, 0], [3, 2], [4, 0], [5, 2], [6, 0], [7, 2], [8, 1], [9, 1], [10, 2]], [[1, 3, 6], [3, 4, 3], [1, 5, 6], [5, 6, 3], [2, 9, 1], [9, 10, 6], [2, 7, 2], [7, 8, 9]], [['Constant', 4, 'genres', '13.0', 'string', '='], ['Constant', 6, 'genres', '14.0', 'string', '=']], [0.500179, 0.500205], [1, 2, 1, 1.0]]
[[[1, 1], [2, 0], [3, 2], [4, 1], [5, 2], [6, 0], [7, 2], [8, 0], [9, 1], [10, 0]], [[1, 3, 6], [3, 4, 9], [1, 5, 6], [5, 6, 3], [2, 9, 1], [9, 10, 0], [2, 7, 2], [7, 8, 3]], [['Constant', 6, 'genres', '13.0', 'string', '='], ['Constant', 2, 'genres', '16.0', 'string', '='], ['Constant', 10, 'genres', '16.0', 'string', '='], ['Constant', 8, 'genres', '16.0', 'string', '=']], [0.500179, 0.57357, 0.57357, 0.579327], [1, 2, 1, 1.0]]
[[[1, 1], [2, 0], [3, 0], [4, 2], [5, 0], [6, 2], [7, 2], [8, 1], [9, 1], [10, 0]], [[1, 3, 0], [3, 4, 2], [1, 5, 0], [5, 6, 2], [2, 7, 2], [7, 8, 9], [2, 9, 1], [9, 10, 0]], [['Constant', 3, 'genres', '16.0', 'string', '='], ['Constant', 5, 'genres', '14.0', 'string', '='], ['Constant', 2, 'genres', '16.0', 'string', '='], ['Constant', 10, 'genres', '16.0', 'string', '=']], [0.500128, 0.500254, 0.579327, 0.579327], [1, 2, 1, 1.0]]
[[[1, 1], [2, 0], [3, 0], [4, 2], [5, 0], [6, 1], [7, 1], [8, 0], [9, 1], [10, 0]], [[1, 3, 0], [3, 4, 2], [1, 5, 0], [5, 6, 1], [2, 7, 1], [7, 8, 0], [2, 9, 1], [9, 10, 0]], [['Constant', 3, 'genres', '16.0', 'string', '='], ['Constant', 2, 'genres', '17.0', 'string', '='], ['Constant', 8, 'genres', '17.0', 'string', '='], ['Constant', 10, 'genres', '17.0', 'string', '=']], [0.500128, 0.475349, 0.475349, 0.475349], [1, 2, 1, 1.0]]
[[[1, 1], [2, 0], [3, 2], [4, 0], [5, 2], [6, 0], [7, 1], [8, 0], [9, 1], [10, 2]], [[1, 3, 6], [3, 4, 3], [1, 5, 6], [5, 6, 3], [2, 7, 1], [7, 8, 0], [2, 9, 1], [9, 10, 6]], [['Constant', 4, 'genres', '16.0', 'string', '='], ['Constant', 6, 'genres', '14.0', 'string', '='], ['Constant', 2, 'genres', '16.0', 'string', '='], ['Constant', 8, 'genres', '16.0', 'string', '=']], [0.500112, 0.500205, 0.579327, 0.579327], [1, 2, 1, 1.0]]
[[[1, 1], [2, 0], [3, 0], [4, 2], [5, 1], [6, 2]], [[1, 3, 0], [3, 4, 2], [2, 5, 1], [5, 6, 6]], [['Constant', 3, 'genres', '14.0', 'string', '=']], [0.500254], [1, 2, 1, 1.0]]
[[[1, 1], [2, 0], [3, 2], [4, 0], [5, 2], [6, 0], [7, 1], [8, 0], [9, 1], [10, 2]], [[1, 3, 6], [3, 4, 3], [1, 5, 6], [5, 6, 3], [2, 7, 1], [7, 8, 0], [2, 9, 1], [9, 10, 6]], [['Constant', 4, 'genres', '16.0', 'string', '='], ['Constant', 6, 'genres', '16.0', 'string', '='], ['Constant', 2, 'genres', '17.0', 'string', '='], ['Constant', 8, 'genres', '17.0', 'string', '=']], [0.500112, 0.500112, 0.475349, 0.475349], [1, 2, 1, 1.0]]
[[[1, 1], [2, 0], [3, 0], [4, 2], [5, 2], [6, 0], [7, 1], [8, 2], [9, 2], [10, 1]], [[1, 3, 0], [3, 4, 2], [1, 5, 6], [5, 6, 3], [2, 7, 1], [7, 8, 5], [2, 9, 2], [9, 10, 9]], [['Constant', 3, 'genres', '16.0', 'string', '='], ['Constant', 6, 'genres', '16.0', 'string', '=']], [0.500128, 0.500112], [1, 2, 1, 1.0]]
[[[1, 1], [2, 0], [3, 0], [4, 2], [5, 2], [6, 0], [7, 2], [8, 0], [9, 2], [10, 1]], [[1, 3, 0], [3, 4, 2], [1, 5, 6], [5, 6, 3], [2, 7, 2], [7, 8, 3], [2, 9, 2], [9, 10, 7]], [['Constant', 3, 'genres', '16.0', 'string', '='], ['Constant', 6, 'genres', '16.0', 'string', '='], ['Constant', 2, 'genres', '14.0', 'string', '='], ['Constant', 8, 'genres', '14.0', 'string', '=']], [0.500128, 0.500112, 0.504263, 0.504263], [1, 2, 1, 1.0]]
[[[1, 1], [2, 0], [3, 0], [4, 2], [5, 0], [6, 2], [7, 2], [8, 1], [9, 1], [10, 0]], [[1, 3, 0], [3, 4, 2], [1, 5, 0], [5, 6, 2], [2, 7, 2], [7, 8, 9], [2, 9, 1], [9, 10, 0]], [['Constant', 3, 'genres', '16.0', 'string', '='], ['Constant', 5, 'genres', '13.0', 'string', '='], ['Constant', 2, 'genres', '16.0', 'string', '='], ['Constant', 10, 'genres', '16.0', 'string', '=']], [0.500128, 0.500199, 0.579327, 0.579327], [1, 2, 1, 1.0]]
[[[1, 1], [2, 0], [3, 0], [4, 2], [5, 0], [6, 1], [7, 1], [8, 0], [9, 1], [10, 0]], [[1, 3, 0], [3, 4, 2], [1, 5, 0], [5, 6, 1], [2, 7, 1], [7, 8, 0], [2, 9, 1], [9, 10, 0]], [['Constant', 3, 'genres', '14.0', 'string', '='], ['Constant', 2, 'genres', '16.0', 'string', '='], ['Constant', 8, 'genres', '16.0', 'string', '='], ['Constant', 10, 'genres', '16.0', 'string', '=']], [0.500254, 0.579327, 0.579327, 0.579327], [1, 2, 1, 1.0]]
[[[1, 1], [2, 0], [3, 0], [4, 1], [5, 0], [6, 2], [7, 2], [8, 0], [9, 2], [10, 1]], [[1, 3, 0], [3, 4, 1], [1, 5, 0], [5, 6, 2], [2, 7, 2], [7, 8, 3], [2, 9, 2], [9, 10, 9]], [['Constant', 5, 'genres', '13.0', 'string', '='], ['Constant', 2, 'genres', '17.0', 'string', '='], ['Constant', 8, 'genres', '17.0', 'string', '=']], [0.500199, 0.469453, 0.469453], [1, 2, 1, 1.0]]
[[[1, 1], [2, 0], [3, 0], [4, 1], [5, 0], [6, 2], [7, 1], [8, 2], [9, 2], [10, 1]], [[1, 3, 0], [3, 4, 1], [1, 5, 0], [5, 6, 2], [2, 7, 1], [7, 8, 6], [2, 9, 2], [9, 10, 9]], [['Constant', 5, 'genres', '13.0', 'string', '=']], [0.500199], [1, 2, 1, 1.0]]
[[[1, 1], [2, 0], [3, 0], [4, 2], [5, 0], [6, 2], [7, 2], [8, 1], [9, 1], [10, 0]], [[1, 3, 0], [3, 4, 2], [1, 5, 0], [5, 6, 2], [2, 7, 2], [7, 8, 9], [2, 9, 1], [9, 10, 0]], [['Constant', 3, 'genres', '16.0', 'string', '='], ['Constant', 5, 'genres', '13.0', 'string', '='], ['Constant', 2, 'genres', '14.0', 'string', '='], ['Constant', 10, 'genres', '14.0', 'string', '=']], [0.500128, 0.500199, 0.511572, 0.511572], [1, 2, 1, 1.0]]
[[[1, 1], [2, 0], [3, 0], [4, 1], [5, 2], [6, 0], [7, 1], [8, 0], [9, 2], [10, 1]], [[1, 3, 0], [3, 4, 1], [1, 5, 6], [5, 6, 3], [2, 7, 1], [7, 8, 0], [2, 9, 2], [9, 10, 9]], [['Constant', 6, 'genres', '16.0', 'string', '='], ['Constant', 2, 'genres', '17.0', 'string', '='], ['Constant', 8, 'genres', '17.0', 'string', '=']], [0.500112, 0.475349, 0.475349], [1, 2, 1, 1.0]]
[[[1, 1], [2, 0], [3, 2], [4, 1], [5, 2], [6, 0], [7, 1], [8, 2], [9, 2], [10, 1]], [[1, 3, 5], [3, 4, 9], [1, 5, 6], [5, 6, 3], [2, 9, 2], [9, 10, 9], [2, 7, 1], [7, 8, 4]], [['Constant', 6, 'genres', '14.0', 'string', '=']], [0.500205], [1, 2, 1, 1.0]]
[[[1, 1], [2, 0], [3, 0], [4, 1], [5, 0], [6, 2], [7, 2], [8, 1], [9, 2], [10, 1]], [[1, 5, 0], [5, 6, 2], [1, 3, 0], [3, 4, 1], [2, 9, 2], [9, 10, 8], [2, 7, 2], [7, 8, 9]], [['Constant', 3, 'genres', '13.0', 'string', '=']], [0.500199], [1, 2, 1, 1.0]]
[[[1, 1], [2, 0], [3, 0], [4, 1], [5, 2], [6, 0], [7, 1], [8, 0], [9, 2], [10, 1]], [[1, 3, 0], [3, 4, 1], [1, 5, 6], [5, 6, 3], [2, 7, 1], [7, 8, 0], [2, 9, 2], [9, 10, 9]], [['Constant', 6, 'genres', '14.0', 'string', '='], ['Constant', 2, 'genres', '16.0', 'string', '='], ['Constant', 8, 'genres', '16.0', 'string', '=']], [0.500205, 0.579327, 0.579327], [1, 2, 1, 1.0]]
[[[1, 1], [2, 0], [3, 2], [4, 1], [5, 2], [6, 0], [7, 1], [8, 2], [9, 2], [10, 1]], [[1, 3, 5], [3, 4, 9], [1, 5, 6], [5, 6, 3], [2, 9, 2], [9, 10, 9], [2, 7, 1], [7, 8, 4]], [['Constant', 6, 'genres', '15.0', 'string', '=']], [0.500483], [1, 2, 1, 1.0]]
[[[1, 1], [2, 0], [3, 2], [4, 0], [5, 2], [6, 0], [7, 2], [8, 1], [9, 2], [10, 1]], [[1, 3, 6], [3, 4, 3], [1, 5, 6], [5, 6, 3], [2, 7, 2], [7, 8, 9], [2, 9, 2], [9, 10, 9]], [['Constant', 4, 'genres', '13.0', 'string', '='], ['Constant', 6, 'genres', '13.0', 'string', '=']], [0.500179, 0.500179], [1, 2, 1, 1.0]]
[[[1, 1], [2, 0], [3, 0], [4, 1], [5, 0], [6, 2], [7, 1], [8, 2], [9, 2], [10, 1]], [[1, 3, 0], [3, 4, 1], [1, 5, 0], [5, 6, 2], [2, 7, 1], [7, 8, 6], [2, 9, 2], [9, 10, 9]], [['Constant', 5, 'genres', '14.0', 'string', '=']], [0.500254], [1, 2, 1, 1.0]]
[[[1, 1], [2, 0], [3, 2], [4, 0], [5, 2], [6, 0], [7, 2], [8, 1], [9, 2], [10, 1]], [[1, 3, 6], [3, 4, 3], [1, 5, 6], [5, 6, 3], [2, 7, 2], [7, 8, 9], [2, 9, 2], [9, 10, 9]], [['Constant', 4, 'genres', '16.0', 'string', '='], ['Constant', 6, 'genres', '13.0', 'string', '=']], [0.500112, 0.500179], [1, 2, 1, 1.0]]
[[[1, 1], [2, 0], [3, 2], [4, 1], [5, 2], [6, 0], [7, 2], [8, 0], [9, 1], [10, 0]], [[1, 3, 6], [3, 4, 9], [1, 5, 6], [5, 6, 3], [2, 9, 1], [9, 10, 0], [2, 7, 2], [7, 8, 3]], [['Constant', 6, 'genres', '14.0', 'string', '='], ['Constant', 2, 'genres', '14.0', 'string', '='], ['Constant', 10, 'genres', '14.0', 'string', '='], ['Constant', 8, 'genres', '14.0', 'string', '=']], [0.500205, 0.504263, 0.504263, 0.511572], [1, 2, 1, 1.0]]
[[[1, 1], [2, 0], [3, 2], [4, 0], [5, 1], [6, 2]], [[1, 3, 6], [3, 4, 3], [2, 5, 1], [5, 6, 6]], [['Constant', 4, 'genres', '16.0', 'string', '=']], [0.500112], [1, 2, 1, 1.0]]
[[[1, 1], [2, 0], [3, 0], [4, 2], [5, 2], [6, 1], [7, 1], [8, 0], [9, 1], [10, 0]], [[1, 3, 0], [3, 4, 2], [1, 5, 6], [5, 6, 7], [2, 7, 1], [7, 8, 0], [2, 9, 1], [9, 10, 0]], [['Constant', 3, 'genres', '16.0', 'string', '='], ['Constant', 2, 'genres', '17.0', 'string', '='], ['Constant', 8, 'genres', '17.0', 'string', '='], ['Constant', 10, 'genres', '17.0', 'string', '=']], [0.500128, 0.475349, 0.475349, 0.475349], [1, 2, 1, 1.0]]
[[[1, 1], [2, 0], [3, 2], [4, 0], [5, 2], [6, 0], [7, 1], [8, 2], [9, 2], [10, 1]], [[1, 3, 4], [3, 4, 3], [1, 5, 6], [5, 6, 3], [2, 9, 2], [9, 10, 9], [2, 7, 1], [7, 8, 6]], [['Constant', 4, 'genres', '16.0', 'string', '='], ['Constant', 6, 'genres', '15.0', 'string', '=']], [0.500359, 0.500483], [1, 2, 1, 1.0]]
[[[1, 1], [2, 0], [3, 0], [4, 2], [5, 2], [6, 0], [7, 1], [8, 2], [9, 2], [10, 1]], [[1, 3, 0], [3, 4, 2], [1, 5, 6], [5, 6, 3], [2, 7, 1], [7, 8, 5], [2, 9, 2], [9, 10, 9]], [['Constant', 3, 'genres', '13.0', 'string', '='], ['Constant', 6, 'genres', '13.0', 'string', '=']], [0.500199, 0.500179], [1, 2, 1, 1.0]]
[[[1, 1], [2, 0], [3, 0], [4, 1], [5, 0], [6, 2], [7, 1], [8, 2], [9, 2], [10, 1]], [[1, 3, 0], [3, 4, 1], [1, 5, 0], [5, 6, 2], [2, 9, 2], [9, 10, 7], [2, 7, 1], [7, 8, 4]], [['Constant', 5, 'genres', '15.0', 'string', '=']], [0.500515], [1, 2, 1, 1.0]]
[[[1, 1], [2, 0], [3, 2], [4, 0], [5, 2], [6, 0], [7, 1], [8, 2], [9, 2], [10, 1]], [[1, 3, 6], [3, 4, 3], [1, 5, 4], [5, 6, 3], [2, 7, 1], [7, 8, 5], [2, 9, 2], [9, 10, 9]], [['Constant', 4, 'genres', '13.0', 'string', '='], ['Constant', 6, 'genres', '9.0', 'string', '=']], [0.500179, 0.500564], [1, 2, 1, 1.0]]
[[[1, 1], [2, 0], [3, 0], [4, 2], [5, 2], [6, 0], [7, 1], [8, 2], [9, 2], [10, 1]], [[1, 3, 0], [3, 4, 2], [1, 5, 6], [5, 6, 3], [2, 7, 1], [7, 8, 5], [2, 9, 2], [9, 10, 9]], [['Constant', 3, 'genres', '16.0', 'string', '='], ['Constant', 6, 'genres', '15.0', 'string', '=']], [0.500128, 0.500483], [1, 2, 1, 1.0]]
[[[1, 1], [2, 0], [3, 2], [4, 0], [5, 1], [6, 2]], [[1, 3, 6], [3, 4, 3], [2, 5, 1], [5, 6, 6]], [['Constant', 4, 'genres', '14.0', 'string', '=']], [0.500205], [1, 2, 1, 1.0]]
[[[1, 1], [2, 0], [3, 2], [4, 0], [5, 2], [6, 0], [7, 2], [8, 1], [9, 1], [10, 2]], [[1, 3, 6], [3, 4, 3], [1, 5, 6], [5, 6, 3], [2, 9, 1], [9, 10, 6], [2, 7, 2], [7, 8, 9]], [['Constant', 4, 'genres', '13.0', 'string', '='], ['Constant', 6, 'genres', '13.0', 'string', '=']], [0.500179, 0.500179], [1, 2, 1, 1.0]]
[[[1, 1], [2, 0], [3, 0], [4, 1], [5, 0], [6, 2], [7, 1], [8, 2], [9, 2], [10, 1]], [[1, 3, 0], [3, 4, 1], [1, 5, 0], [5, 6, 2], [2, 9, 2], [9, 10, 7], [2, 7, 1], [7, 8, 4]], [['Constant', 5, 'genres', '13.0', 'string', '=']], [0.500199], [1, 2, 1, 1.0]]
[[[1, 1], [2, 0], [3, 2], [4, 1], [5, 2], [6, 0], [7, 2], [8, 0], [9, 1], [10, 0]], [[1, 3, 6], [3, 4, 9], [1, 5, 6], [5, 6, 3], [2, 9, 1], [9, 10, 0], [2, 7, 2], [7, 8, 3]], [['Constant', 6, 'genres', '14.0', 'string', '='], ['Constant', 2, 'genres', '16.0', 'string', '='], ['Constant', 10, 'genres', '16.0', 'string', '='], ['Constant', 8, 'genres', '16.0', 'string', '=']], [0.500205, 0.57357, 0.57357, 0.579327], [1, 2, 1, 1.0]]
[[[1, 1], [2, 0], [3, 2], [4, 0], [5, 0], [6, 1], [7, 2], [8, 1], [9, 2], [10, 1]], [[1, 3, 6], [3, 4, 3], [1, 5, 0], [5, 6, 1], [2, 7, 2], [7, 8, 7], [2, 9, 2], [9, 10, 9]], [['Constant', 4, 'genres', '13.0', 'string', '=']], [0.500179], [1, 2, 1, 1.0]]
[[[1, 1], [2, 0], [3, 0], [4, 2], [5, 0], [6, 2], [7, 2], [8, 1], [9, 1], [10, 0]], [[1, 3, 0], [3, 4, 2], [1, 5, 0], [5, 6, 2], [2, 7, 2], [7, 8, 9], [2, 9, 1], [9, 10, 0]], [['Constant', 3, 'genres', '16.0', 'string', '='], ['Constant', 5, 'genres', '16.0', 'string', '='], ['Constant', 2, 'genres', '17.0', 'string', '='], ['Constant', 10, 'genres', '17.0', 'string', '=']], [0.500128, 0.500128, 0.475349, 0.475349], [1, 2, 1, 1.0]]
[[[1, 1], [2, 0], [3, 2], [4, 0], [5, 2], [6, 0], [7, 2], [8, 1], [9, 2], [10, 1]], [[1, 3, 6], [3, 4, 3], [1, 5, 6], [5, 6, 3], [2, 7, 2], [7, 8, 9], [2, 9, 2], [9, 10, 9]], [['Constant', 4, 'genres', '13.0', 'string', '='], ['Constant', 6, 'genres', '16.0', 'string', '=']], [0.500179, 0.500112], [1, 2, 1, 1.0]]
[[[1, 1], [2, 0], [3, 0], [4, 1], [5, 2], [6, 0], [7, 1], [8, 0], [9, 2], [10, 1]], [[1, 3, 0], [3, 4, 1], [1, 5, 6], [5, 6, 3], [2, 7, 1], [7, 8, 0], [2, 9, 2], [9, 10, 9]], [['Constant', 6, 'genres', '13.0', 'string', '='], ['Constant', 2, 'genres', '14.0', 'string', '='], ['Constant', 8, 'genres', '14.0', 'string', '=']], [0.500179, 0.511572, 0.511572], [1, 2, 1, 1.0]]
[[[1, 1], [2, 0], [3, 2], [4, 0], [5, 2], [6, 0], [7, 1], [8, 0], [9, 1], [10, 2]], [[1, 3, 6], [3, 4, 3], [1, 5, 6], [5, 6, 3], [2, 7, 1], [7, 8, 0], [2, 9, 1], [9, 10, 6]], [['Constant', 4, 'genres', '16.0', 'string', '='], ['Constant', 6, 'genres', '13.0', 'string', '='], ['Constant', 2, 'genres', '14.0', 'string', '='], ['Constant', 8, 'genres', '14.0', 'string', '=']], [0.500112, 0.500179, 0.511572, 0.511572], [1, 2, 1, 1.0]]
[[[1, 1], [2, 0], [3, 0], [4, 2], [5, 0], [6, 1], [7, 2], [8, 1], [9, 2], [10, 0]], [[1, 3, 0], [3, 4, 2], [1, 5, 0], [5, 6, 1], [2, 7, 2], [7, 8, 9], [2, 9, 2], [9, 10, 3]], [['Constant', 3, 'genres', '14.0', 'string', '='], ['Constant', 2, 'genres', '14.0', 'string', '='], ['Constant', 10, 'genres', '14.0', 'string', '=']], [0.500254, 0.504263, 0.504263], [1, 2, 1, 1.0]]
[[[1, 1], [2, 0], [3, 2], [4, 0], [5, 2], [6, 0], [7, 1], [8, 2], [9, 2], [10, 1]], [[1, 3, 6], [3, 4, 3], [1, 5, 4], [5, 6, 3], [2, 7, 1], [7, 8, 5], [2, 9, 2], [9, 10, 9]], [['Constant', 4, 'genres', '16.0', 'string', '='], ['Constant', 6, 'genres', '13.0', 'string', '=']], [0.500112, 0.50038], [1, 2, 1, 1.0]]
[[[1, 1], [2, 0], [3, 0], [4, 1], [5, 0], [6, 2], [7, 2], [8, 0], [9, 2], [10, 1]], [[1, 3, 0], [3, 4, 1], [1, 5, 0], [5, 6, 2], [2, 7, 2], [7, 8, 3], [2, 9, 2], [9, 10, 9]], [['Constant', 5, 'genres', '14.0', 'string', '='], ['Constant', 2, 'genres', '16.0', 'string', '='], ['Constant', 8, 'genres', '16.0', 'string', '=']], [0.500254, 0.57357, 0.57357], [1, 2, 1, 1.0]]
[[[1, 1], [2, 0], [3, 2], [4, 1], [5, 0], [6, 2], [7, 2], [8, 1], [9, 2], [10, 1]], [[1, 3, 4], [3, 4, 7], [1, 5, 0], [5, 6, 2], [2, 7, 2], [7, 8, 9], [2, 9, 2], [9, 10, 7]], [['Constant', 5, 'genres', '14.0', 'string', '=']], [0.500254], [1, 2, 1, 1.0]]
[[[1, 1], [2, 0], [3, 0], [4, 1], [5, 0], [6, 2], [7, 2], [8, 1], [9, 2], [10, 1]], [[1, 5, 0], [5, 6, 2], [1, 3, 0], [3, 4, 1], [2, 9, 2], [9, 10, 8], [2, 7, 2], [7, 8, 9]], [['Constant', 3, 'genres', '14.0', 'string', '=']], [0.500254], [1, 2, 1, 1.0]]
[[[1, 1], [2, 0], [3, 0], [4, 1], [5, 0], [6, 2], [7, 2], [8, 0], [9, 2], [10, 1]], [[1, 3, 0], [3, 4, 1], [1, 5, 0], [5, 6, 2], [2, 7, 2], [7, 8, 3], [2, 9, 2], [9, 10, 9]], [['Constant', 5, 'genres', '16.0', 'string', '='], ['Constant', 2, 'genres', '14.0', 'string', '='], ['Constant', 8, 'genres', '14.0', 'string', '=']], [0.500128, 0.504263, 0.504263], [1, 2, 1, 1.0]]
[[[1, 1], [2, 0], [3, 0], [4, 2], [5, 0], [6, 1], [7, 1], [8, 0], [9, 1], [10, 0]], [[1, 3, 0], [3, 4, 2], [1, 5, 0], [5, 6, 1], [2, 7, 1], [7, 8, 0], [2, 9, 1], [9, 10, 0]], [['Constant', 3, 'genres', '14.0', 'string', '='], ['Constant', 2, 'genres', '14.0', 'string', '='], ['Constant', 8, 'genres', '14.0', 'string', '='], ['Constant', 10, 'genres', '14.0', 'string', '=']], [0.500254, 0.511572, 0.511572, 0.511572], [1, 2, 1, 1.0]]
[[[1, 1], [2, 0], [3, 2], [4, 0], [5, 2], [6, 0], [7, 2], [8, 1], [9, 2], [10, 1]], [[1, 3, 6], [3, 4, 3], [1, 5, 6], [5, 6, 3], [2, 7, 2], [7, 8, 9], [2, 9, 2], [9, 10, 9]], [['Constant', 4, 'genres', '13.0', 'string', '='], ['Constant', 6, 'genres', '14.0', 'string', '=']], [0.500179, 0.500205], [1, 2, 1, 1.0]]
[[[1, 1], [2, 0], [3, 0], [4, 2], [5, 1], [6, 2]], [[1, 3, 0], [3, 4, 2], [2, 5, 1], [5, 6, 6]], [['Constant', 3, 'genres', '16.0', 'string', '=']], [0.500128], [1, 2, 1, 1.0]]
[[[1, 1], [2, 0], [3, 0], [4, 2], [5, 2], [6, 0], [7, 1], [8, 2], [9, 2], [10, 1]], [[1, 3, 0], [3, 4, 2], [1, 5, 6], [5, 6, 3], [2, 7, 1], [7, 8, 5], [2, 9, 2], [9, 10, 9]], [['Constant', 3, 'genres', '13.0', 'string', '='], ['Constant', 6, 'genres', '15.0', 'string', '=']], [0.500199, 0.500483], [1, 2, 1, 1.0]]
[[[1, 1], [2, 0], [3, 2], [4, 0], [5, 2], [6, 0], [7, 2], [8, 1], [9, 2], [10, 1]], [[1, 3, 6], [3, 4, 3], [1, 5, 6], [5, 6, 3], [2, 7, 2], [7, 8, 9], [2, 9, 2], [9, 10, 9]], [['Constant', 4, 'genres', '13.0', 'string', '='], ['Constant', 6, 'genres', '15.0', 'string', '=']], [0.500179, 0.500483], [1, 2, 1, 1.0]]
[[[1, 1], [2, 0], [3, 0], [4, 2], [5, 2], [6, 1], [7, 1], [8, 0], [9, 1], [10, 0]], [[1, 3, 0], [3, 4, 2], [1, 5, 6], [5, 6, 7], [2, 7, 1], [7, 8, 0], [2, 9, 1], [9, 10, 0]], [['Constant', 3, 'genres', '13.0', 'string', '='], ['Constant', 2, 'genres', '14.0', 'string', '='], ['Constant', 8, 'genres', '14.0', 'string', '='], ['Constant', 10, 'genres', '14.0', 'string', '=']], [0.500199, 0.511572, 0.511572, 0.511572], [1, 2, 1, 1.0]]
[[[1, 1], [2, 0], [3, 0], [4, 1], [5, 0], [6, 2], [7, 2], [8, 1], [9, 2], [10, 1]], [[1, 5, 0], [5, 6, 2], [1, 3, 0], [3, 4, 1], [2, 9, 2], [9, 10, 8], [2, 7, 2], [7, 8, 9]], [['Constant', 3, 'genres', '16.0', 'string', '=']], [0.500128], [1, 2, 1, 1.0]]
[[[1, 1], [2, 0], [3, 0], [4, 2], [5, 0], [6, 1], [7, 2], [8, 1], [9, 2], [10, 0]], [[1, 3, 0], [3, 4, 2], [1, 5, 0], [5, 6, 1], [2, 7, 2], [7, 8, 9], [2, 9, 2], [9, 10, 3]], [['Constant', 3, 'genres', '13.0', 'string', '='], ['Constant', 2, 'genres', '14.0', 'string', '='], ['Constant', 10, 'genres', '14.0', 'string', '=']], [0.500199, 0.504263, 0.504263], [1, 2, 1, 1.0]]
[[[1, 1], [2, 0], [3, 0], [4, 2], [5, 2], [6, 0], [7, 1], [8, 2], [9, 2], [10, 1]], [[1, 3, 0], [3, 4, 2], [1, 5, 6], [5, 6, 3], [2, 7, 1], [7, 8, 5], [2, 9, 2], [9, 10, 9]], [['Constant', 3, 'genres', '16.0', 'string', '='], ['Constant', 6, 'genres', '14.0', 'string', '=']], [0.500128, 0.500205], [1, 2, 1, 1.0]]
[[[1, 1], [2, 0], [3, 2], [4, 0], [5, 2], [6, 0], [7, 2], [8, 1], [9, 1], [10, 2]], [[1, 3, 6], [3, 4, 3], [1, 5, 6], [5, 6, 3], [2, 9, 1], [9, 10, 6], [2, 7, 2], [7, 8, 9]], [['Constant', 4, 'genres', '16.0', 'string', '='], ['Constant', 6, 'genres', '14.0', 'string', '=']], [0.500112, 0.500205], [1, 2, 1, 1.0]]
[[[1, 1], [2, 0], [3, 2], [4, 1], [5, 2], [6, 0], [7, 2], [8, 0], [9, 1], [10, 0]], [[1, 3, 6], [3, 4, 9], [1, 5, 6], [5, 6, 3], [2, 9, 1], [9, 10, 0], [2, 7, 2], [7, 8, 3]], [['Constant', 6, 'genres', '16.0', 'string', '='], ['Constant', 2, 'genres', '14.0', 'string', '='], ['Constant', 10, 'genres', '14.0', 'string', '='], ['Constant', 8, 'genres', '14.0', 'string', '=']], [0.500112, 0.504263, 0.504263, 0.511572], [1, 2, 1, 1.0]]
[[[1, 1], [2, 0], [3, 0], [4, 2], [5, 0], [6, 2], [7, 2], [8, 1], [9, 1], [10, 0]], [[1, 3, 0], [3, 4, 2], [1, 5, 0], [5, 6, 2], [2, 7, 2], [7, 8, 9], [2, 9, 1], [9, 10, 0]], [['Constant', 3, 'genres', '16.0', 'string', '='], ['Constant', 5, 'genres', '14.0', 'string', '='], ['Constant', 2, 'genres', '14.0', 'string', '='], ['Constant', 10, 'genres', '14.0', 'string', '=']], [0.500128, 0.500254, 0.511572, 0.511572], [1, 2, 1, 1.0]]
[[[1, 1], [2, 0], [3, 2], [4, 0], [5, 2], [6, 0], [7, 2], [8, 1], [9, 1], [10, 2]], [[1, 3, 6], [3, 4, 3], [1, 5, 6], [5, 6, 3], [2, 9, 1], [9, 10, 6], [2, 7, 2], [7, 8, 9]], [['Constant', 4, 'genres', '16.0', 'string', '='], ['Constant', 6, 'genres', '13.0', 'string', '=']], [0.500112, 0.500179], [1, 2, 1, 1.0]]
[[[1, 1], [2, 0], [3, 2], [4, 0], [5, 2], [6, 0], [7, 1], [8, 0], [9, 1], [10, 2]], [[1, 3, 6], [3, 4, 3], [1, 5, 6], [5, 6, 3], [2, 7, 1], [7, 8, 0], [2, 9, 1], [9, 10, 6]], [['Constant', 4, 'genres', '16.0', 'string', '='], ['Constant', 6, 'genres', '14.0', 'string', '='], ['Constant', 2, 'genres', '14.0', 'string', '='], ['Constant', 8, 'genres', '14.0', 'string', '=']], [0.500112, 0.500205, 0.511572, 0.511572], [1, 2, 1, 1.0]]
[[[1, 1], [2, 0], [3, 2], [4, 0], [5, 0], [6, 1], [7, 2], [8, 1], [9, 2], [10, 1]], [[1, 3, 6], [3, 4, 3], [1, 5, 0], [5, 6, 1], [2, 7, 2], [7, 8, 7], [2, 9, 2], [9, 10, 9]], [['Constant', 4, 'genres', '14.0', 'string', '=']], [0.500205], [1, 2, 1, 1.0]]
[[[1, 1], [2, 0], [3, 2], [4, 0], [5, 2], [6, 0], [7, 1], [8, 2], [9, 2], [10, 1]], [[1, 3, 4], [3, 4, 3], [1, 5, 6], [5, 6, 3], [2, 9, 2], [9, 10, 9], [2, 7, 1], [7, 8, 6]], [['Constant', 4, 'genres', '16.0', 'string', '='], ['Constant', 6, 'genres', '13.0', 'string', '=']], [0.500359, 0.500179], [1, 2, 1, 1.0]]
[[[1, 1], [2, 0], [3, 0], [4, 2], [5, 1], [6, 2]], [[1, 3, 0], [3, 4, 2], [2, 5, 1], [5, 6, 6]], [['Constant', 3, 'genres', '15.0', 'string', '=']], [0.500515], [1, 2, 1, 1.0]]
[[[1, 1], [2, 0], [3, 2], [4, 0], [5, 2], [6, 0], [7, 1], [8, 0], [9, 1], [10, 2]], [[1, 3, 6], [3, 4, 3], [1, 5, 6], [5, 6, 3], [2, 7, 1], [7, 8, 0], [2, 9, 1], [9, 10, 6]], [['Constant', 4, 'genres', '16.0', 'string', '='], ['Constant', 6, 'genres', '16.0', 'string', '='], ['Constant', 2, 'genres', '14.0', 'string', '='], ['Constant', 8, 'genres', '14.0', 'string', '=']], [0.500112, 0.500112, 0.511572, 0.511572], [1, 2, 1, 1.0]]
[[[1, 1], [2, 0], [3, 0], [4, 1], [5, 0], [6, 2], [7, 2], [8, 0], [9, 2], [10, 1]], [[1, 3, 0], [3, 4, 1], [1, 5, 0], [5, 6, 2], [2, 7, 2], [7, 8, 3], [2, 9, 2], [9, 10, 9]], [['Constant', 5, 'genres', '14.0', 'string', '='], ['Constant', 2, 'genres', '14.0', 'string', '='], ['Constant', 8, 'genres', '14.0', 'string', '=']], [0.500254, 0.504263, 0.504263], [1, 2, 1, 1.0]]
[[[1, 1], [2, 0], [3, 0], [4, 2], [5, 0], [6, 1], [7, 2], [8, 1], [9, 2], [10, 0]], [[1, 3, 0], [3, 4, 2], [1, 5, 0], [5, 6, 1], [2, 7, 2], [7, 8, 9], [2, 9, 2], [9, 10, 3]], [['Constant', 3, 'genres', '13.0', 'string', '='], ['Constant', 2, 'genres', '17.0', 'string', '='], ['Constant', 10, 'genres', '17.0', 'string', '=']], [0.500199, 0.469453, 0.469453], [1, 2, 1, 1.0]]
[[[1, 1], [2, 0], [3, 0], [4, 2], [5, 2], [6, 1], [7, 1], [8, 0], [9, 1], [10, 0]], [[1, 3, 0], [3, 4, 2], [1, 5, 6], [5, 6, 7], [2, 7, 1], [7, 8, 0], [2, 9, 1], [9, 10, 0]], [['Constant', 3, 'genres', '14.0', 'string', '='], ['Constant', 2, 'genres', '14.0', 'string', '='], ['Constant', 8, 'genres', '14.0', 'string', '='], ['Constant', 10, 'genres', '14.0', 'string', '=']], [0.500254, 0.511572, 0.511572, 0.511572], [1, 2, 1, 1.0]]
[[[1, 1], [2, 0], [3, 2], [4, 0], [5, 2], [6, 0], [7, 1], [8, 2], [9, 2], [10, 1]], [[1, 3, 4], [3, 4, 3], [1, 5, 6], [5, 6, 3], [2, 9, 2], [9, 10, 9], [2, 7, 1], [7, 8, 6]], [['Constant', 4, 'genres', '16.0', 'string', '='], ['Constant', 6, 'genres', '16.0', 'string', '=']], [0.500359, 0.500112], [1, 2, 1, 1.0]]
[[[1, 1], [2, 0], [3, 0], [4, 1], [5, 2], [6, 0], [7, 1], [8, 0], [9, 2], [10, 1]], [[1, 3, 0], [3, 4, 1], [1, 5, 6], [5, 6, 3], [2, 7, 1], [7, 8, 0], [2, 9, 2], [9, 10, 9]], [['Constant', 6, 'genres', '13.0', 'string', '='], ['Constant', 2, 'genres', '17.0', 'string', '='], ['Constant', 8, 'genres', '17.0', 'string', '=']], [0.500179, 0.475349, 0.475349], [1, 2, 1, 1.0]]
[[[1, 1], [2, 0], [3, 0], [4, 2], [5, 0], [6, 1], [7, 1], [8, 0], [9, 1], [10, 0]], [[1, 3, 0], [3, 4, 2], [1, 5, 0], [5, 6, 1], [2, 7, 1], [7, 8, 0], [2, 9, 1], [9, 10, 0]], [['Constant', 3, 'genres', '13.0', 'string', '='], ['Constant', 2, 'genres', '16.0', 'string', '='], ['Constant', 8, 'genres', '16.0', 'string', '='], ['Constant', 10, 'genres', '16.0', 'string', '=']], [0.500199, 0.579327, 0.579327, 0.579327], [1, 2, 1, 1.0]]
[[[1, 1], [2, 0], [3, 0], [4, 2], [5, 2], [6, 1], [7, 1], [8, 0], [9, 1], [10, 0]], [[1, 3, 0], [3, 4, 2], [1, 5, 6], [5, 6, 7], [2, 7, 1], [7, 8, 0], [2, 9, 1], [9, 10, 0]], [['Constant', 3, 'genres', '16.0', 'string', '='], ['Constant', 2, 'genres', '16.0', 'string', '='], ['Constant', 8, 'genres', '16.0', 'string', '='], ['Constant', 10, 'genres', '16.0', 'string', '=']], [0.500128, 0.579327, 0.579327, 0.579327], [1, 2, 1, 1.0]]
[[[1, 1], [2, 0], [3, 2], [4, 1], [5, 2], [6, 0], [7, 1], [8, 2], [9, 2], [10, 1]], [[1, 3, 5], [3, 4, 9], [1, 5, 6], [5, 6, 3], [2, 9, 2], [9, 10, 9], [2, 7, 1], [7, 8, 4]], [['Constant', 6, 'genres', '13.0', 'string', '=']], [0.500179], [1, 2, 1, 1.0]]
[[[1, 1], [2, 0], [3, 0], [4, 2], [5, 1], [6, 2]], [[1, 3, 0], [3, 4, 2], [2, 5, 1], [5, 6, 6]], [['Constant', 3, 'genres', '13.0', 'string', '=']], [0.500199], [1, 2, 1, 1.0]]
[[[1, 1], [2, 0], [3, 0], [4, 1], [5, 0], [6, 2], [7, 1], [8, 2], [9, 2], [10, 1]], [[1, 3, 0], [3, 4, 1], [1, 5, 0], [5, 6, 2], [2, 7, 1], [7, 8, 6], [2, 9, 2], [9, 10, 9]], [['Constant', 5, 'genres', '15.0', 'string', '=']], [0.500515], [1, 2, 1, 1.0]]
[[[1, 1], [2, 0], [3, 2], [4, 0], [5, 2], [6, 0], [7, 1], [8, 2], [9, 2], [10, 1]], [[1, 3, 4], [3, 4, 3], [1, 5, 6], [5, 6, 3], [2, 9, 2], [9, 10, 9], [2, 7, 1], [7, 8, 6]], [['Constant', 4, 'genres', '13.0', 'string', '='], ['Constant', 6, 'genres', '14.0', 'string', '=']], [0.50038, 0.500205], [1, 2, 1, 1.0]]
[[[1, 1], [2, 0], [3, 2], [4, 1], [5, 2], [6, 0], [7, 2], [8, 0], [9, 1], [10, 0]], [[1, 3, 6], [3, 4, 9], [1, 5, 6], [5, 6, 3], [2, 9, 1], [9, 10, 0], [2, 7, 2], [7, 8, 3]], [['Constant', 6, 'genres', '16.0', 'string', '='], ['Constant', 2, 'genres', '17.0', 'string', '='], ['Constant', 10, 'genres', '17.0', 'string', '='], ['Constant', 8, 'genres', '17.0', 'string', '=']], [0.500112, 0.469453, 0.469453, 0.475349], [1, 2, 1, 1.0]]
[[[1, 1], [2, 0], [3, 0], [4, 1], [5, 2], [6, 0], [7, 1], [8, 0], [9, 2], [10, 1]], [[1, 3, 0], [3, 4, 1], [1, 5, 6], [5, 6, 3], [2, 7, 1], [7, 8, 0], [2, 9, 2], [9, 10, 9]], [['Constant', 6, 'genres', '14.0', 'string', '='], ['Constant', 2, 'genres', '14.0', 'string', '='], ['Constant', 8, 'genres', '14.0', 'string', '=']], [0.500205, 0.511572, 0.511572], [1, 2, 1, 1.0]]
[[[1, 1], [2, 0], [3, 2], [4, 0], [5, 2], [6, 0], [7, 1], [8, 2], [9, 2], [10, 1]], [[1, 3, 6], [3, 4, 3], [1, 5, 4], [5, 6, 3], [2, 7, 1], [7, 8, 5], [2, 9, 2], [9, 10, 9]], [['Constant', 4, 'genres', '13.0', 'string', '='], ['Constant', 6, 'genres', '12.0', 'string', '=']], [0.500179, 0.500958], [1, 2, 1, 1.0]]
[[[1, 1], [2, 0], [3, 0], [4, 2], [5, 0], [6, 2], [7, 2], [8, 1], [9, 1], [10, 0]], [[1, 3, 0], [3, 4, 2], [1, 5, 0], [5, 6, 2], [2, 7, 2], [7, 8, 9], [2, 9, 1], [9, 10, 0]], [['Constant', 3, 'genres', '16.0', 'string', '='], ['Constant', 5, 'genres', '16.0', 'string', '='], ['Constant', 2, 'genres', '16.0', 'string', '='], ['Constant', 10, 'genres', '16.0', 'string', '=']], [0.500128, 0.500128, 0.579327, 0.579327], [1, 2, 1, 1.0]]
[[[1, 1], [2, 0], [3, 2], [4, 0], [5, 2], [6, 0], [7, 1], [8, 0], [9, 1], [10, 2]], [[1, 3, 6], [3, 4, 3], [1, 5, 6], [5, 6, 3], [2, 7, 1], [7, 8, 0], [2, 9, 1], [9, 10, 6]], [['Constant', 4, 'genres', '16.0', 'string', '='], ['Constant', 6, 'genres', '13.0', 'string', '='], ['Constant', 2, 'genres', '16.0', 'string', '='], ['Constant', 8, 'genres', '16.0', 'string', '=']], [0.500112, 0.500179, 0.579327, 0.579327], [1, 2, 1, 1.0]]
[[[1, 1], [2, 0], [3, 2], [4, 0], [5, 2], [6, 0], [7, 1], [8, 2], [9, 2], [10, 1]], [[1, 3, 6], [3, 4, 3], [1, 5, 4], [5, 6, 3], [2, 7, 1], [7, 8, 5], [2, 9, 2], [9, 10, 9]], [['Constant', 4, 'genres', '16.0', 'string', '='], ['Constant', 6, 'genres', '16.0', 'string', '=']], [0.500112, 0.500359], [1, 2, 1, 1.0]]
[[[1, 1], [2, 0], [3, 0], [4, 1], [5, 2], [6, 0], [7, 1], [8, 0], [9, 2], [10, 1]], [[1, 3, 0], [3, 4, 1], [1, 5, 6], [5, 6, 3], [2, 7, 1], [7, 8, 0], [2, 9, 2], [9, 10, 9]], [['Constant', 6, 'genres', '16.0', 'string', '='], ['Constant', 2, 'genres', '14.0', 'string', '='], ['Constant', 8, 'genres', '14.0', 'string', '=']], [0.500112, 0.511572, 0.511572], [1, 2, 1, 1.0]]
[[[1, 1], [2, 0], [3, 0], [4, 1], [5, 0], [6, 2], [7, 1], [8, 2], [9, 2], [10, 1]], [[1, 3, 0], [3, 4, 1], [1, 5, 0], [5, 6, 2], [2, 9, 2], [9, 10, 7], [2, 7, 1], [7, 8, 4]], [['Constant', 5, 'genres', '16.0', 'string', '=']], [0.500128], [1, 2, 1, 1.0]]
[[[1, 1], [2, 0], [3, 0], [4, 2], [5, 0], [6, 1], [7, 2], [8, 1], [9, 2], [10, 0]], [[1, 3, 0], [3, 4, 2], [1, 5, 0], [5, 6, 1], [2, 7, 2], [7, 8, 9], [2, 9, 2], [9, 10, 3]], [['Constant', 3, 'genres', '16.0', 'string', '='], ['Constant', 2, 'genres', '17.0', 'string', '='], ['Constant', 10, 'genres', '17.0', 'string', '=']], [0.500128, 0.469453, 0.469453], [1, 2, 1, 1.0]]
[[[1, 1], [2, 0], [3, 0], [4, 1], [5, 2], [6, 0], [7, 1], [8, 0], [9, 2], [10, 1]], [[1, 3, 0], [3, 4, 1], [1, 5, 6], [5, 6, 3], [2, 7, 1], [7, 8, 0], [2, 9, 2], [9, 10, 9]], [['Constant', 6, 'genres', '16.0', 'string', '='], ['Constant', 2, 'genres', '16.0', 'string', '='], ['Constant', 8, 'genres', '16.0', 'string', '=']], [0.500112, 0.579327, 0.579327], [1, 2, 1, 1.0]]
[[[1, 1], [2, 0], [3, 0], [4, 1], [5, 0], [6, 2], [7, 1], [8, 2], [9, 2], [10, 1]], [[1, 3, 0], [3, 4, 1], [1, 5, 0], [5, 6, 2], [2, 9, 2], [9, 10, 7], [2, 7, 1], [7, 8, 4]], [['Constant', 5, 'genres', '14.0', 'string', '=']], [0.500254], [1, 2, 1, 1.0]]
[[[1, 1], [2, 0], [3, 0], [4, 2], [5, 0], [6, 1], [7, 1], [8, 0], [9, 1], [10, 0]], [[1, 3, 0], [3, 4, 2], [1, 5, 0], [5, 6, 1], [2, 7, 1], [7, 8, 0], [2, 9, 1], [9, 10, 0]], [['Constant', 3, 'genres', '16.0', 'string', '='], ['Constant', 2, 'genres', '16.0', 'string', '='], ['Constant', 8, 'genres', '16.0', 'string', '='], ['Constant', 10, 'genres', '16.0', 'string', '=']], [0.500128, 0.579327, 0.579327, 0.579327], [1, 2, 1, 1.0]]
[[[1, 1], [2, 0], [3, 2], [4, 1], [5, 2], [6, 0], [7, 2], [8, 1], [9, 2], [10, 1]], [[1, 3, 5], [3, 4, 9], [1, 5, 6], [5, 6, 3], [2, 7, 2], [7, 8, 9], [2, 9, 2], [9, 10, 8]], [['Constant', 6, 'genres', '13.0', 'string', '=']], [0.500179], [1, 2, 1, 1.0]]
[[[1, 1], [2, 0], [3, 2], [4, 1], [5, 2], [6, 0], [7, 1], [8, 2], [9, 2], [10, 1]], [[1, 3, 5], [3, 4, 9], [1, 5, 6], [5, 6, 3], [2, 9, 2], [9, 10, 9], [2, 7, 1], [7, 8, 4]], [['Constant', 6, 'genres', '16.0', 'string', '=']], [0.500112], [1, 2, 1, 1.0]]
[[[1, 1], [2, 0], [3, 2], [4, 1], [5, 2], [6, 0], [7, 2], [8, 1], [9, 2], [10, 1]], [[1, 3, 5], [3, 4, 9], [1, 5, 6], [5, 6, 3], [2, 7, 2], [7, 8, 9], [2, 9, 2], [9, 10, 8]], [['Constant', 6, 'genres', '14.0', 'string', '=']], [0.500205], [1, 2, 1, 1.0]]
[[[1, 1], [2, 0], [3, 2], [4, 0], [5, 0], [6, 1], [7, 2], [8, 1], [9, 2], [10, 1]], [[1, 3, 6], [3, 4, 3], [1, 5, 0], [5, 6, 1], [2, 7, 2], [7, 8, 7], [2, 9, 2], [9, 10, 9]], [['Constant', 4, 'genres', '15.0', 'string', '=']], [0.500483], [1, 2, 1, 1.0]]
[[[1, 1], [2, 0], [3, 2], [4, 1], [5, 0], [6, 2], [7, 2], [8, 1], [9, 2], [10, 1]], [[1, 3, 4], [3, 4, 7], [1, 5, 0], [5, 6, 2], [2, 7, 2], [7, 8, 9], [2, 9, 2], [9, 10, 7]], [['Constant', 5, 'genres', '15.0', 'string', '=']], [0.500515], [1, 2, 1, 1.0]]
[[[1, 1], [2, 0], [3, 2], [4, 1], [5, 2], [6, 0], [7, 2], [8, 1], [9, 2], [10, 1]], [[1, 3, 5], [3, 4, 9], [1, 5, 6], [5, 6, 3], [2, 7, 2], [7, 8, 9], [2, 9, 2], [9, 10, 8]], [['Constant', 6, 'genres', '15.0', 'string', '=']], [0.500483], [1, 2, 1, 1.0]]
[[[1, 1], [2, 0], [3, 2], [4, 0], [5, 2], [6, 0], [7, 2], [8, 1], [9, 2], [10, 1]], [[1, 3, 6], [3, 4, 3], [1, 5, 6], [5, 6, 3], [2, 7, 2], [7, 8, 9], [2, 9, 2], [9, 10, 9]], [['Constant', 4, 'genres', '16.0', 'string', '='], ['Constant', 6, 'genres', '15.0', 'string', '=']], [0.500112, 0.500483], [1, 2, 1, 1.0]]
[[[1, 1], [2, 0], [3, 2], [4, 0], [5, 2], [6, 0], [7, 1], [8, 2], [9, 2], [10, 1]], [[1, 3, 4], [3, 4, 3], [1, 5, 6], [5, 6, 3], [2, 9, 2], [9, 10, 9], [2, 7, 1], [7, 8, 6]], [['Constant', 4, 'genres', '13.0', 'string', '='], ['Constant', 6, 'genres', '15.0', 'string', '=']], [0.50038, 0.500483], [1, 2, 1, 1.0]]
[[[1, 1], [2, 0], [3, 0], [4, 2], [5, 2], [6, 0], [7, 1], [8, 2], [9, 2], [10, 1]], [[1, 3, 0], [3, 4, 2], [1, 5, 6], [5, 6, 3], [2, 7, 1], [7, 8, 5], [2, 9, 2], [9, 10, 9]], [['Constant', 3, 'genres', '13.0', 'string', '='], ['Constant', 6, 'genres', '14.0', 'string', '=']], [0.500199, 0.500205], [1, 2, 1, 1.0]]
[[[1, 1], [2, 0], [3, 2], [4, 0], [5, 0], [6, 1], [7, 2], [8, 1], [9, 2], [10, 1]], [[1, 3, 6], [3, 4, 3], [1, 5, 0], [5, 6, 1], [2, 7, 2], [7, 8, 7], [2, 9, 2], [9, 10, 9]], [['Constant', 4, 'genres', '16.0', 'string', '=']], [0.500112], [1, 2, 1, 1.0]]
[[[1, 1], [2, 0], [3, 2], [4, 0], [5, 2], [6, 0], [7, 1], [8, 2], [9, 2], [10, 1]], [[1, 3, 6], [3, 4, 3], [1, 5, 4], [5, 6, 3], [2, 7, 1], [7, 8, 5], [2, 9, 2], [9, 10, 9]], [['Constant', 4, 'genres', '16.0', 'string', '='], ['Constant', 6, 'genres', '9.0', 'string', '=']], [0.500112, 0.500564], [1, 2, 1, 1.0]]
[[[1, 1], [2, 0], [3, 2], [4, 0], [5, 2], [6, 0], [7, 2], [8, 1], [9, 2], [10, 1]], [[1, 3, 6], [3, 4, 3], [1, 5, 6], [5, 6, 3], [2, 7, 2], [7, 8, 9], [2, 9, 2], [9, 10, 9]], [['Constant', 4, 'genres', '16.0', 'string', '='], ['Constant', 6, 'genres', '16.0', 'string', '=']], [0.500112, 0.500112], [1, 2, 1, 1.0]]
[[[1, 1], [2, 0], [3, 0], [4, 2], [5, 0], [6, 1], [7, 2], [8, 1], [9, 2], [10, 0]], [[1, 3, 0], [3, 4, 2], [1, 5, 0], [5, 6, 1], [2, 7, 2], [7, 8, 9], [2, 9, 2], [9, 10, 3]], [['Constant', 3, 'genres', '16.0', 'string', '='], ['Constant', 2, 'genres', '14.0', 'string', '='], ['Constant', 10, 'genres', '14.0', 'string', '=']], [0.500128, 0.504263, 0.504263], [1, 2, 1, 1.0]]
[[[1, 1], [2, 0], [3, 0], [4, 1], [5, 0], [6, 2], [7, 1], [8, 2], [9, 2], [10, 1]], [[1, 3, 0], [3, 4, 1], [1, 5, 0], [5, 6, 2], [2, 7, 1], [7, 8, 6], [2, 9, 2], [9, 10, 9]], [['Constant', 5, 'genres', '16.0', 'string', '=']], [0.500128], [1, 2, 1, 1.0]]
[[[1, 1], [2, 0], [3, 2], [4, 0], [5, 2], [6, 0], [7, 2], [8, 1], [9, 1], [10, 2]], [[1, 3, 6], [3, 4, 3], [1, 5, 6], [5, 6, 3], [2, 9, 1], [9, 10, 6], [2, 7, 2], [7, 8, 9]], [['Constant', 4, 'genres', '16.0', 'string', '='], ['Constant', 6, 'genres', '16.0', 'string', '=']], [0.500112, 0.500112], [1, 2, 1, 1.0]]
[[[1, 1], [2, 0], [3, 2], [4, 1], [5, 2], [6, 0], [7, 2], [8, 0], [9, 1], [10, 0]], [[1, 3, 6], [3, 4, 9], [1, 5, 6], [5, 6, 3], [2, 9, 1], [9, 10, 0], [2, 7, 2], [7, 8, 3]], [['Constant', 6, 'genres', '16.0', 'string', '='], ['Constant', 2, 'genres', '16.0', 'string', '='], ['Constant', 10, 'genres', '16.0', 'string', '='], ['Constant', 8, 'genres', '16.0', 'string', '=']], [0.500112, 0.57357, 0.57357, 0.579327], [1, 2, 1, 1.0]]
[[[1, 1], [2, 0], [3, 2], [4, 0], [5, 1], [6, 2]], [[1, 3, 6], [3, 4, 3], [2, 5, 1], [5, 6, 6]], [['Constant', 4, 'genres', '15.0', 'string', '=']], [0.500483], [1, 2, 1, 1.0]]
[[[1, 1], [2, 0], [3, 0], [4, 1], [5, 0], [6, 2], [7, 2], [8, 0], [9, 2], [10, 1]], [[1, 3, 0], [3, 4, 1], [1, 5, 0], [5, 6, 2], [2, 7, 2], [7, 8, 3], [2, 9, 2], [9, 10, 9]], [['Constant', 5, 'genres', '13.0', 'string', '='], ['Constant', 2, 'genres', '16.0', 'string', '='], ['Constant', 8, 'genres', '16.0', 'string', '=']], [0.500199, 0.57357, 0.57357], [1, 2, 1, 1.0]]
