pattern 0: [[1, 0], [2, 0], [3, 0], [4, 0], [5, 0], [6, 0]]  [[1, 2, 178], [1, 3, 160], [1, 4, 160], [2, 5, 160], [2, 6, 53]]
pattern 1: [[1, 0], [2, 0], [3, 0], [4, 0], [5, 0], [6, 0]]  [[1, 2, 156], [1, 3, 160], [1, 4, 160], [2, 5, 156], [2, 6, 156]]
pattern 2: [[1, 0], [2, 0], [3, 0], [4, 0], [5, 0], [6, 0]]  [[1, 2, 127], [1, 3, 160], [1, 4, 160], [2, 5, 160], [2, 6, 160]]
pattern 3: [[1, 0], [2, 0], [3, 0], [4, 0], [5, 0]]  [[1, 2, 224], [1, 3, 160], [1, 3, 169], [2, 4, 53], [2, 5, 53]]
pattern 4: [[1, 0], [2, 0], [3, 0], [4, 0]]  [[1, 2, 229], [1, 3, 160], [1, 3, 169], [2, 4, 127], [2, 4, 156]]
pattern 5: [[1, 0], [2, 0], [3, 0], [4, 0], [5, 0]]  [[1, 2, 134], [1, 3, 160], [1, 4, 160], [2, 3, 160], [2, 5, 160]]
pattern 6: [[1, 0], [2, 0], [3, 0], [4, 0], [5, 0], [6, 0]]  [[1, 2, 155], [1, 3, 160], [1, 4, 160], [2, 5, 160], [2, 6, 160]]
pattern 7: [[1, 0], [2, 0], [3, 0], [4, 0], [5, 0], [6, 0]]  [[1, 2, 207], [1, 3, 160], [1, 4, 160], [2, 5, 160], [2, 6, 160]]
pattern 8: [[1, 0], [2, 0], [3, 0], [4, 0], [5, 0], [6, 0]]  [[1, 2, 222], [1, 3, 160], [1, 4, 160], [2, 5, 53], [2, 6, 53]]
pattern 9: [[1, 0], [2, 0], [3, 0], [4, 0], [5, 0]]  [[1, 2, 160], [1, 3, 160], [1, 4, 160], [2, 3, 160], [2, 5, 160]]
pattern 10: [[1, 0], [2, 0], [3, 0], [4, 0], [5, 0], [6, 0]]  [[1, 2, 156], [1, 3, 160], [1, 4, 160], [2, 5, 160], [2, 6, 160]]
pattern 11: [[1, 0], [2, 0], [3, 0], [4, 0], [5, 0], [6, 0]]  [[1, 2, 98], [1, 3, 160], [1, 4, 160], [2, 5, 160], [2, 6, 160]]
pattern 12: [[1, 0], [2, 0], [3, 0], [4, 0], [5, 0], [6, 0]]  [[1, 2, 159], [1, 3, 160], [1, 4, 160], [2, 5, 160], [2, 6, 160]]
pattern 13: [[1, 0], [2, 0], [3, 0], [4, 0], [5, 0], [6, 0]]  [[1, 2, 156], [1, 3, 53], [1, 4, 53], [2, 5, 160], [2, 6, 160]]
pattern 14: [[1, 0], [2, 0], [3, 0], [4, 0], [5, 0]]  [[1, 2, 56], [1, 3, 53], [1, 4, 53], [2, 4, 160], [2, 5, 160]]
pattern 15: [[1, 0], [2, 0], [3, 0], [4, 0], [5, 0], [6, 0]]  [[1, 2, 224], [1, 3, 156], [1, 4, 156], [2, 5, 160], [2, 6, 160]]
pattern 16: [[1, 0], [2, 0], [3, 0], [4, 0], [5, 0], [6, 0]]  [[1, 2, 191], [1, 3, 127], [1, 4, 127], [2, 5, 160], [2, 6, 160]]
pattern 17: [[1, 0], [2, 0], [3, 0], [4, 0], [5, 0]]  [[1, 2, 156], [1, 3, 53], [1, 4, 156], [2, 4, 160], [2, 5, 160]]
pattern 18: [[1, 0], [2, 0], [3, 0], [4, 0], [5, 0], [6, 0]]  [[1, 2, 159], [1, 3, 156], [1, 4, 156], [2, 5, 160], [2, 6, 160]]
pattern 19: [[1, 0], [2, 0], [3, 0], [4, 0], [5, 0]]  [[1, 2, 156], [1, 3, 160], [1, 4, 53], [2, 3, 160], [2, 5, 56]]
pattern 20: [[1, 0], [2, 0], [3, 0], [4, 0], [5, 0], [6, 0]]  [[1, 2, 38], [1, 3, 160], [1, 4, 160], [2, 5, 53], [2, 6, 53]]
pattern 21: [[1, 0], [2, 0], [3, 0], [4, 0], [5, 0], [6, 0]]  [[1, 2, 91], [1, 3, 160], [1, 4, 160], [2, 5, 53], [2, 6, 53]]
pattern 22: [[1, 0], [2, 0], [3, 0], [4, 0], [5, 0], [6, 0]]  [[1, 2, 38], [1, 3, 160], [1, 4, 160], [2, 5, 156], [2, 6, 156]]
pattern 23: [[1, 0], [2, 0], [3, 0], [4, 0], [5, 0], [6, 0]]  [[1, 2, 160], [1, 3, 160], [1, 4, 160], [2, 5, 53], [2, 6, 191]]
pattern 24: [[1, 0], [2, 0], [3, 0], [4, 0], [5, 0], [6, 0]]  [[1, 2, 157], [1, 3, 160], [1, 4, 53], [2, 5, 160], [2, 6, 160]]
pattern 25: [[1, 0], [2, 0], [3, 0], [4, 0], [5, 0], [6, 0]]  [[1, 2, 160], [1, 3, 160], [1, 4, 160], [2, 5, 160], [2, 6, 160]]
pattern 26: [[1, 0], [2, 0], [3, 0], [4, 0], [5, 0], [6, 0]]  [[1, 2, 56], [1, 3, 160], [1, 4, 6], [2, 5, 160], [2, 6, 160]]
pattern 27: [[1, 0], [2, 0], [3, 0], [4, 0], [5, 0], [6, 0]]  [[1, 2, 53], [1, 3, 160], [1, 4, 160], [2, 5, 160], [2, 6, 160]]
pattern 28: [[1, 0], [2, 0], [3, 0], [4, 0], [5, 0], [6, 0]]  [[1, 2, 175], [1, 3, 160], [1, 4, 53], [2, 5, 160], [2, 6, 160]]
pattern 29: [[1, 0], [2, 0], [3, 0], [4, 0], [5, 0], [6, 0]]  [[1, 2, 169], [1, 3, 160], [1, 4, 160], [2, 5, 160], [2, 6, 160]]
pattern 30: [[1, 0], [2, 0], [3, 0], [4, 0], [5, 0], [6, 0]]  [[1, 2, 156], [1, 3, 160], [1, 4, 160], [2, 5, 158], [2, 6, 159]]
pattern 31: [[1, 0], [2, 0], [3, 0], [4, 0], [5, 0], [6, 0]]  [[1, 2, 127], [1, 3, 53], [1, 4, 53], [2, 5, 160], [2, 6, 160]]
pattern 32: [[1, 0], [2, 0], [3, 0], [4, 0], [5, 0], [6, 0]]  [[1, 2, 127], [1, 3, 160], [1, 4, 53], [2, 5, 160], [2, 6, 160]]
pattern 33: [[1, 0], [2, 0], [3, 0], [4, 0], [5, 0], [6, 0]]  [[1, 2, 142], [1, 3, 160], [1, 4, 160], [2, 5, 160], [2, 6, 53]]
pattern 34: [[1, 0], [2, 0], [3, 0], [4, 0], [5, 0], [6, 0]]  [[1, 2, 142], [1, 3, 160], [1, 4, 160], [2, 5, 160], [2, 6, 160]]
pattern 35: [[1, 0], [2, 0], [3, 0], [4, 0], [5, 0], [6, 0]]  [[1, 2, 177], [1, 3, 160], [1, 4, 160], [2, 5, 160], [2, 6, 160]]
pattern 36: [[1, 0], [2, 0], [3, 0], [4, 0], [5, 0], [6, 0]]  [[1, 2, 18], [1, 3, 160], [1, 4, 160], [2, 5, 160], [2, 6, 160]]
pattern 37: [[1, 0], [2, 0], [3, 0], [4, 0], [5, 0], [6, 0]]  [[1, 2, 65], [1, 3, 160], [1, 4, 160], [2, 5, 160], [2, 6, 160]]
pattern 38: [[1, 0], [2, 0], [3, 0], [4, 0], [5, 0], [6, 0]]  [[1, 2, 191], [1, 3, 160], [1, 4, 160], [2, 5, 160], [2, 6, 160]]
pattern 39: [[1, 0], [2, 0], [3, 0], [4, 0], [5, 0], [6, 0]]  [[1, 2, 87], [1, 3, 160], [1, 4, 160], [2, 5, 160], [2, 6, 6]]
pattern 40: [[1, 0], [2, 0], [3, 0], [4, 0], [5, 0], [6, 0]]  [[1, 2, 2], [1, 3, 160], [1, 4, 160], [2, 5, 160], [2, 6, 160]]
pattern 41: [[1, 0], [2, 0], [3, 0], [4, 0], [5, 0], [6, 0]]  [[1, 2, 185], [1, 3, 169], [1, 4, 169], [2, 5, 53], [2, 6, 53]]
pattern 42: [[1, 0], [2, 0], [3, 0], [4, 0], [5, 0], [6, 0]]  [[1, 2, 160], [1, 3, 160], [1, 4, 53], [2, 5, 160], [2, 6, 160]]
pattern 43: [[1, 0], [2, 0], [3, 0], [4, 0], [5, 0], [6, 0]]  [[1, 2, 38], [1, 3, 160], [1, 4, 160], [2, 5, 224], [2, 6, 61]]
pattern 44: [[1, 0], [2, 0], [3, 0], [4, 0], [5, 0]]  [[1, 2, 157], [1, 3, 160], [1, 4, 160], [2, 3, 160], [2, 5, 160]]
pattern 45: [[1, 0], [2, 0], [3, 0], [4, 0], [5, 0]]  [[1, 2, 56], [1, 3, 160], [1, 4, 160], [2, 4, 160], [2, 5, 53]]
pattern 46: [[1, 0], [2, 0], [3, 0], [4, 0], [5, 0], [6, 0]]  [[1, 2, 229], [1, 3, 224], [1, 4, 168], [2, 5, 160], [2, 6, 160]]
pattern 47: [[1, 0], [2, 0], [3, 0], [4, 0], [5, 0], [6, 0]]  [[1, 2, 163], [1, 3, 160], [1, 4, 53], [2, 5, 160], [2, 6, 53]]
pattern 48: [[1, 0], [2, 0], [3, 0], [4, 0], [5, 0], [6, 0]]  [[1, 2, 229], [1, 3, 53], [1, 4, 127], [2, 5, 156], [2, 6, 156]]
pattern 49: [[1, 0], [2, 0], [3, 0], [4, 0], [5, 0]]  [[1, 2, 160], [1, 3, 38], [1, 3, 160], [2, 4, 160], [2, 5, 160]]
pattern 50: [[1, 0], [2, 0], [3, 0], [4, 0], [5, 0], [6, 0]]  [[1, 2, 56], [1, 3, 160], [1, 4, 160], [2, 5, 160], [2, 6, 160]]
pattern 51: [[1, 0], [2, 0], [3, 0], [4, 0], [5, 0], [6, 0]]  [[1, 2, 134], [1, 3, 160], [1, 4, 160], [2, 5, 160], [2, 6, 160]]
pattern 52: [[1, 0], [2, 0], [3, 0], [4, 0], [5, 0], [6, 0]]  [[1, 2, 156], [1, 3, 160], [1, 4, 56], [2, 5, 53], [2, 6, 53]]
pattern 53: [[1, 0], [2, 0], [3, 0], [4, 0], [5, 0], [6, 0]]  [[1, 2, 6], [1, 3, 160], [1, 4, 160], [2, 5, 53], [2, 6, 155]]
pattern 54: [[1, 0], [2, 0], [3, 0], [4, 0], [5, 0]]  [[1, 2, 169], [1, 3, 160], [1, 4, 160], [2, 4, 160], [2, 5, 53]]
pattern 55: [[1, 0], [2, 0], [3, 0], [4, 0], [5, 0], [6, 0]]  [[1, 2, 160], [1, 3, 160], [1, 4, 160], [2, 5, 224], [2, 6, 224]]
pattern 56: [[1, 0], [2, 0], [3, 0], [4, 0], [5, 0], [6, 0]]  [[1, 2, 38], [1, 3, 160], [1, 4, 160], [2, 5, 53], [2, 6, 156]]
pattern 57: [[1, 0], [2, 0], [3, 0], [4, 0], [5, 0], [6, 0]]  [[1, 2, 38], [1, 3, 160], [1, 4, 160], [2, 5, 156], [2, 6, 6]]
pattern 58: [[1, 0], [2, 0], [3, 0], [4, 0], [5, 0], [6, 0]]  [[1, 2, 150], [1, 3, 160], [1, 4, 160], [2, 5, 53], [2, 6, 156]]
pattern 59: [[1, 0], [2, 0], [3, 0], [4, 0], [5, 0], [6, 0]]  [[1, 2, 173], [1, 3, 160], [1, 4, 160], [2, 5, 53], [2, 6, 156]]
pattern 60: [[1, 0], [2, 0], [3, 0], [4, 0], [5, 0]]  [[1, 2, 229], [1, 3, 160], [1, 4, 160], [2, 5, 56], [2, 5, 127]]
pattern 61: [[1, 0], [2, 0], [3, 0], [4, 0], [5, 0], [6, 0]]  [[1, 2, 105], [1, 3, 160], [1, 4, 160], [2, 5, 224], [2, 6, 224]]
pattern 62: [[1, 0], [2, 0], [3, 0], [4, 0], [5, 0], [6, 0]]  [[1, 2, 38], [1, 3, 160], [1, 4, 160], [2, 5, 156], [2, 6, 127]]
pattern 63: [[1, 0], [2, 0], [3, 0], [4, 0], [5, 0], [6, 0]]  [[1, 2, 229], [1, 3, 160], [1, 4, 160], [2, 5, 224], [2, 6, 168]]
pattern 64: [[1, 0], [2, 0], [3, 0], [4, 0], [5, 0]]  [[1, 2, 38], [1, 3, 160], [1, 4, 160], [2, 4, 224], [2, 5, 61]]
pattern 65: [[1, 0], [2, 0], [3, 0], [4, 0]]  [[1, 2, 86], [1, 3, 86], [1, 3, 169], [2, 3, 160], [2, 4, 160]]
pattern 66: [[1, 0], [2, 0], [3, 0], [4, 0]]  [[1, 2, 170], [1, 3, 86], [1, 3, 169], [2, 3, 160], [2, 4, 160]]
pattern 67: [[1, 0], [2, 0], [3, 0], [4, 0], [5, 0], [6, 0]]  [[1, 2, 63], [1, 3, 160], [1, 4, 160], [2, 5, 53], [2, 6, 53]]
pattern 68: [[1, 0], [2, 0], [3, 0], [4, 0], [5, 0], [6, 0]]  [[1, 2, 165], [1, 3, 160], [1, 4, 160], [2, 5, 160], [2, 6, 160]]
pattern 69: [[1, 0], [2, 0], [3, 0], [4, 0], [5, 0], [6, 0]]  [[1, 2, 185], [1, 3, 160], [1, 4, 160], [2, 5, 53], [2, 6, 53]]
pattern 70: [[1, 0], [2, 0], [3, 0], [4, 0], [5, 0], [6, 0]]  [[1, 2, 208], [1, 3, 160], [1, 4, 160], [2, 5, 160], [2, 6, 160]]
pattern 71: [[1, 0], [2, 0], [3, 0], [4, 0], [5, 0], [6, 0]]  [[1, 2, 156], [1, 3, 160], [1, 4, 160], [2, 5, 53], [2, 6, 156]]
pattern 72: [[1, 0], [2, 0], [3, 0], [4, 0], [5, 0], [6, 0]]  [[1, 2, 123], [1, 3, 160], [1, 4, 160], [2, 5, 160], [2, 6, 160]]
pattern 73: [[1, 0], [2, 0], [3, 0], [4, 0], [5, 0]]  [[1, 2, 38], [1, 3, 160], [1, 4, 38], [2, 4, 160], [2, 5, 160]]
pattern 74: [[1, 0], [2, 0], [3, 0], [4, 0], [5, 0]]  [[1, 2, 61], [1, 3, 160], [1, 4, 38], [2, 4, 160], [2, 5, 160]]
pattern 75: [[1, 0], [2, 0], [3, 0], [4, 0], [5, 0]]  [[1, 2, 0], [1, 3, 224], [1, 4, 224], [2, 4, 53], [2, 5, 53]]
pattern 76: [[1, 0], [2, 0], [3, 0], [4, 0], [5, 0]]  [[1, 2, 0], [1, 3, 56], [1, 3, 156], [2, 4, 160], [2, 5, 160]]
pattern 77: [[1, 0], [2, 0], [3, 0], [4, 0], [5, 0], [6, 0]]  [[1, 2, 156], [1, 3, 160], [1, 4, 160], [2, 5, 53], [2, 6, 53]]
pattern 78: [[1, 0], [2, 0], [3, 0], [4, 0], [5, 0], [6, 0]]  [[1, 2, 38], [1, 3, 160], [1, 4, 160], [2, 5, 155], [2, 6, 155]]
pattern 79: [[1, 0], [2, 0], [3, 0], [4, 0], [5, 0], [6, 0]]  [[1, 2, 155], [1, 3, 160], [1, 4, 53], [2, 5, 160], [2, 6, 160]]
